,,,,chm13v1,chm13v1,chm13v1,chm13v1,GRCh38p13,GRCh38p13,GRCh38p13,GRCh38p13
Experiment,Cell type,Target,Total Reads,mapped,filtered,dedup,kmer,mapped,filtered,dedup,kmer
ENCSR032CAS,brain microvascular endothelial cell,H3K27me3,196902690,188017807,177534117,146046861,144671206,186932789,174458491,143468368,141245263
ENCSR587VHH,brain microvascular endothelial cell,H3K36me3,178743303,170449722,160639566,140306994,139199842,169296260,157974073,137920005,136047662
ENCSR111QCU,brain microvascular endothelial cell,H3K27ac,156477361,148872652,142194552,113817055,112811953,148194485,139932189,111989504,110450540
ENCSR000JGO,brain microvascular endothelial cell,Control,30671006,28602786,26753085,24240435,23867891,28395933,26379263,23892654,23377477
ENCSR744EKG,MG63,H3K9me3,160448724,154518139,141953759,109513894,108484974,153965601,140896127,108471813,106130688
ENCSR804JFU,MG63,H3K27me3,164358714,160581781,152137238,109510234,108820488,160574537,150121959,108019733,106244001
ENCSR579SNM,MG63,H3K4me3,158379699,154257573,147740003,103723993,103224316,154285282,145304228,101984794,100723359
ENCSR380ORO,MG63,H3K36me3,166767084,163129499,154818189,126737376,125984813,163064972,152789583,125023080,123195600
ENCSR302CFJ,MG63,Control,95897332,93002356,87734185,55582148,54814926,92921970,86841919,54960099,53669738
ENCSR444YIP,BE2C,H3K9me3,147926164,144509964,133802708,120946644,119708089,142285306,131822504,119007459,116769799
ENCSR780XZD,BE2C,H3K27me3,148600949,143862760,135816814,116995668,116031811,142693895,133447598,114898351,113156900
ENCSR874NDX,BE2C,H3K4me1,152539294,149738143,142329466,131903077,131063306,148521294,140210167,129845773,128292148
ENCSR114YOX,BE2C,H3K36me3,157327217,152765137,144689676,129377963,128438273,151422655,142312856,127169799,125471441
ENCSR377FNA,BE2C,Control,59845078,58377426,54981558,51798200,51054079,57825235,54180202,51000043,49923222
ENCSR460TQV,HAP-1,H3K9me3,181191894,176884661,161052651,114202770,112842711,174315108,159089623,112586446,110141062
ENCSR891YFI,HAP-1,H3K27me3,177996657,169549646,161139175,108075828,107245051,168540730,158767412,106409824,104954373
ENCSR882CQE,HAP-1,H3K4me3,190120640,185960159,177616321,123752506,123090527,185056904,174307096,121408999,120146296
ENCSR450JTP,HAP-1,H3K4me1,176158449,167822005,159109907,131848177,131094096,166820782,157005284,129962939,128538006
ENCSR121CWP,HAP-1,H3K36me3,170936689,164882843,155705594,131928400,130895452,163694403,153425804,129899054,128061852
ENCSR131DVD,HAP-1,H3K27ac,187422187,175735503,166441881,96439967,95738610,174631395,164145061,94998592,93783926
ENCSR771IOP,HAP-1,Control,74585711,69083029,64831764,56083034,55405099,68622827,64030911,55303325,54308350
ENCSR401WUV,Caco-2,H3K9me3,194539702,185698541,172594148,123764874,122131001,183650536,170300754,121968129,119144512
ENCSR061UOM,Caco-2,H3K4me1,150977407,145340952,138820196,116078830,115119992,144627721,136778829,114340487,112672007
ENCSR269OND,Caco-2,Control,121412379,116408150,110323950,90304823,88553571,115739756,108783742,88997627,86626174
ENCSR782BWI,SJCRH30,H3K9me3,198395834,195101458,182626511,134203827,132983584,193138395,180314965,132372863,130265266
ENCSR022MBN,SJCRH30,H3K27me3,173825286,170927066,161279319,123370661,122425680,169883088,158960574,121582817,119746000
ENCSR414OEF,SJCRH30,H3K4me1,174518771,171469489,163306492,136004485,135240517,170424430,161022006,134049728,132577835
ENCSR769CSE,SJCRH30,H3K27ac,174149318,171308573,163661430,128349088,127557524,170352686,161171729,126364067,124902817
ENCSR753TAU,SJCRH30,H3K36me3,172637495,169586695,161089068,115157904,114493947,168570705,158765299,113464476,112193228
ENCSR986FPJ,SJCRH30,H3K4me3,173123596,169854404,163381784,123219605,122682701,169117210,160570844,121080488,120020199
ENCSR672UXO,SJCRH30,Control,117424238,112050757,106129926,80786835,79863633,111279125,104677693,79656646,78219744
ENCSR482XTC,SJSA1,H3K9me3,177106565,169136975,155129771,138931915,137222812,167960507,153253723,137023304,133710629
ENCSR564OSQ,SJSA1,H3K27me3,175820476,171162885,161841521,114792982,113848868,170887778,159522123,113067319,111172692
ENCSR643QXU,SJSA1,H3K36me3,172320915,164790662,155698995,134116568,133088621,164383983,153440793,132107065,130008961
ENCSR214NMO,SJSA1,H3K4me3,165209219,149035321,143540851,125342173,124746270,148854506,140812378,122941994,121661996
ENCSR349VAW,SJSA1,H3K27ac,151839917,146421172,139553998,91526345,90924812,146346670,137668269,90273097,89015509
ENCSR268BDW,SJSA1,Control,120059931,114979414,108609221,84103949,83038313,114734056,107252759,82986645,81200623
ENCSR115IRD,RWPE2,H3K36me3,168933408,159730581,151390170,97457722,96632626,160022979,149647170,96250535,94257071
ENCSR987PNT,RWPE2,H3K27ac,94147498,97661064,95383069,53174757,52730329,97851578,93789146,52278388,51531622
ENCSR753IXW,RWPE2,Control,78154907,71982559,67323099,61049252,60187451,72166996,66571882,60303935,58659217
ENCSR203KEU,RWPE1,H3K27ac,176035012,152582698,149444787,138414538,138235308,152371772,145321725,134589209,134004730
ENCSR248IFK,RWPE1,Control,169929593,139866957,130029468,120944993,119403234,138415502,128177068,119107682,116433806
ENCSR919WLM,HL-60,H3K27ac,187238948,180390288,171712515,100653903,100028676,179447149,168640312,98847590,97667128
ENCSR309MYO,HL-60,Control,80328212,78609174,73794984,49575488,48929744,77993537,72755966,48817666,47866015
ENCSR910PDW,epithelial cell of prostate male,H3K27ac,96198563,83195989,81062474,71179976,70956257,83201703,79684205,69967920,69380016
ENCSR131SEB,epithelial cell of prostate male,Control,79184519,67450937,63241719,61838155,60931638,67096135,62622585,61169257,59645216
ENCSR279KIX,C4-2B,H3K27ac,73786252,63985851,61885966,59870392,59655641,63690333,60242177,58278789,57784031
ENCSR585FQO,C4-2B,Control,64646039,44519560,40900944,40167515,39388485,43918208,40097661,39351078,38266308
ENCSR391NPE,22Rv1,H3K27ac,69006726,57640252,54880616,53039072,52706195,57489259,54089362,52265272,51489633
ENCSR933UGQ,22Rv1,Control,92235376,79126232,73741454,73083523,72246456,78635883,73131951,72398946,70766723
ENCSR597ULV,VCaP,H3K27ac,88551659,72875397,70741793,68230424,67949861,72838051,69393633,66926444,66217736
ENCSR716BTZ,VCaP,Control,80680949,63876330,59802907,58401293,57606049,63499931,59092655,57671287,56202597
